0 0 0.10898952318288e4
0 1 0.84951654495535e3
0 2 -0.10781748091826e3
0 3 0.33153654801263e2
0 7 -0.74232016790248e1
0 20 0.11765048724356e2
1 0 0.18445749355790e1
1 1 -0.41792700549624e1
1 2 0.62478196935812e1
1 3 -0.17344563108114e2
1 7 -0.20058176862096e3
1 9 0.27196065473796e3
1 11 -0.45511318285818e3
1 18 0.30919688604755e4
1 44 0.25226640357872e6
2 0 -0.617 074 228 683 39e-2
2 2 -0.310 780 466 295 83
2 7 0.116 708 730 771 072e2
2 36 0.128 127 984 040 46e9
2 38 -0.985 549 096 232 76e9
2 40 0.282 245 469 730 02e10
2 42 - 0.359 489 714 107 03e10
2 44 0.172 273 499 131 97e10
3 24 - 0.135 513 342 407 75e5
3 44 0.128 487 346 646 50e8
4 12 0.138 657 242 832 26e1
4 32 0.235 988 325 565 14e6
4 44 - 0.131 052 365 450 54e8
5 32 0.739 998 354 747 66e4
5 36 - 0.551 966 970 300 60e6
5 42 0.371 540 859 962 33e7
6 34 0.191 277 292 396 60e5
6 44 - 0.415 351 648 356 34e6
7 28 - 0.624 598 551 925 07e2
