0 0 0.148 950 410 795 16e4
0 1 0.743 077 983 140 34e3
0 2 – 0.977 083 187 978 37e2
0 12 0.247 424 647 056 74e1
0 18 – 0.632 813 200 160 26
0 24 0.113 859 521 296 58e1
0 28 – 0.478 118 636 486 25
0 40 0.852 081 234 315 44e-2
1 0 0.937 471 473 779 32
1 2 0.335 931 186 049 16e1
1 6 0.338 093 556 014 54e1
1 12 0.168 445 396 719 04
1 18 0.738 757 452 366 95
1 24 – 0.471 287 374 361 86
1 28 0.150 202 731 397 07
1 40 – 0.217 641 142 197 50e-2
2 2 – 0.218 107 553 247 61e-1
2 8 – 0.108 297 844 036 77
2 18 – 0.463 333 246 358 12e-1
2 40 0.712 803 519 595 51e-4
3 1 0.110 328 317 899 99e-3
3 2 0.189 552 483 879 02e-3
3 12 0.308 915 411 605 37e-2
3 24 0.135 555 045 549 49e-2
4 2 0.286 402 374 774 56e-6
4 12 – 0.107 798 573 575 12e-4
4 18 – 0.764 627 124 548 14e-4
4 24 0.140 523 928 183 16e-4
4 28 – 0.310 838 143 314 34e-4
4 40 – 0.103 027 382 121 03e-5
5 18 0.282 172 816 350 40e-6
5 24 0.127 049 022 719 45e-5
5 40 0.738 033 534 682 92e-7
6 28 – 0.110 301 392 389 09e-7
7 2 – 0.814 563 652 078 33e-13
7 28 – 0.251 805 456 829 62e-10
9 1 – 0.175 652 339 694 07e-17
9 40 0.869 341 563 441 63e-14
