-1.5 -24 - 0.392 359 838 619 84e6
-1.5 -23 0.515 265 738 272 70e6
-1.5 -19 0.404 824 431 610 48e5
-1.5 -13 - 0.321 937 909 239 02e3
-1.5 -11 0.969 614 242 186 94e2
–1.5 –10 – 0.228 678 463 717 73e2
-1.25 -19 - 0.449 429 141 243 57e6
-1.25 -15 - 0.501 183 360 201 66e4
-1.25 –6 0.356 844 635 600 15
-1.0 -26 0.442 353 358 481 90e5
-1.0 -21 - 0.136 733 888 117 08e5
-1.0 -17 0.421 632 602 078 64e6
-1.0 -16 0.225 169 258 374 75e5
-1.0 -9 0.474 421 448 656 46e3
-1.0 -8 - 0.149 311 307 976 47e3
-0.75 -15 - 0.197 811 263 204 52e6
-0.75 -14 - 0.235 543 994 707 60e5
–0.5 –26 – 0.190 706 163 020 76e5
–0.5 –13 0.553 756 698 831 64e5
–0.5 –9 0.382 936 914 373 63e4
–0.5 –7 – 0.603 918 605 805 67e3
–0.25 –27 0.193 631 026 203 31e4
–0.25 –25 0.426 606 436 986 10e4
–0.25 –11 – 0.597 806 388 727 18e4
–0.25 –6 – 0.704 014 639 268 62e3
0.25 1 0.338 367 841 075 53e3
0.25 4 0.208 627 866 351 87e2
0.25 8 0.338 341 726 561 96e-1
0.25 11 – 0.431 244 284 148 93e-4
0.5 0 0.166 537 913 564 12e3
0.5 1 – 0.139 862 920 558 98e3
.5 5 – 0.788 495 479 998 72
0.5 6 0.721 324 117 538 72e-1
0.5 10 – 0.597 548 393 982 83e-2
0.5 14 – 0.121 413 589 539 04e-4
0.5 16 0.232 270 967 338 71e-6
0.75 0 – 0.105 384 635 661 94e2
0.75 4 0.207 189 254 965 02e1
0.75 9 – 0.721 931 552 604 27e-1
0.75 17 0.207 498 870 811 20e-6
1.0 7 – 0.183 406 579 113 79e-1
1.0 18 0.290 362 723 486 96e-6
1.25 3 0.210 375 278 936 19
1.25 15 0.256 812 397 299 99e-3
1.5 5 – 0.127 990 029 337 81e-1
1.5 18 – 0.821 981 026 520 18e-5
