–6 0 0.316 876 650 834 97e6
–6 11 0.208 641 758 818 58e2
–5 0 – 0.398 593 998 035 99e6
–5 11 – 0.218 160 585 188 77e2
–4 0 0.223 697 851 942 42e6
–4 1 – 0.278 417 034 458 17e4
–4 11 0.992 074 360 714 80e1
–3 0 – 0.751 975 122 991 57e5
–3 1 0.297 086 059 511 58e4
–3 11 – 0.344 068 785 485 26e1
–3 12 0.388 155 642 491 15
–2 0 0.175 112 950 857 50e5
–2 1 – 0.142 371 128 544 49e4
–2 6 0.109 438 033 641 67e1
–2 10 0.899 716 193 084 95
–1 0 – 0.337 597 400 989 58e4
–1 1 0.471 628 858 183 55e3
–1 5 – 0.191 882 419 936 79e1
–1 8 0.410 785 804 921 96
–1 9 – 0.334 653 781 720 97
0 0 0.138 700 347 775 05e4
0 1 – 0.406 633 261 958 38e3
0 2 0.417 273 471 596 10e2
0 4 0.219 325 494 345 32e1
0 5 – 0.103 200 500 090 77e1
0 6 0.358 829 435 167 03
0 9 0.525 114 537 260 66e-2
1 0 0.128 389 164 507 05e2
1 1 – 0.286 424 372 193 81e1
1 2 0.569 126 836 648 55
1 3 – 0.999 629 545 849 31e-1
1 7 – 0.326 320 377 784 59e-2
1 8 0.233 209 225 767 23e-3
2 0 – 0.153 348 098 574 50
2 1 0.290 722 882 399 02e-1
2 5 0.375 347 027 411 67e-3
3 0 0.172 966 917 024 11e-2
3 1 – 0.385 560 508 445 04e-3
3 3 – 0.350 177 122 926 08e-4
4 0 – 0.145 663 936 314 92e-4
4 1 0.564 208 572 672 69e-5
5 0 0.412 861 500 746 05e-7
5 1 – 0.206 846 711 188 24e-7
5 2 0.164 093 936 747 25e-8
