-2 0 0.909 685 010 053 65e3
-2 1 0.240 456 670 884 20e4
–1 0 – 0.591 623 263 871 30e3
0 0 0.541 454 041 280 74e3
0 1 – 0.270 983 084 111 92e3
0 2 0.979 765 250 979 26e3
0 3 – 0.469 667 729 594 35e3
1 0 0.143 992 746 047 23e2
1 1 – 0.191 042 042 304 29e2
1 3 0.532 991 671 119 71e1
1 4 – 0.212 529 753 759 34e2
2 0 – 0.311 473 344 137 60
2 1 0.603 348 408 946 23
2 2 – 0.427 648 397 025 09e-1
3 0 0.581 855 972 552 59e-2
3 1 – 0.145 970 082 847 53e-1
3 5 0.566 311 756 310 27e-2
4 0 – 0.761 558 645 845 77e-4
4 1 0.224 403 429 193 32e-3
4 4 – 0.125 610 950 134 13e-4
5 0 0.633 231 326 609 34e-6
5 1 – 0.205 419 896 753 75e-5
5 2 0.364 053 703 900 82e-7
6 0 – 0.297 598 977 892 15e-8
6 1 0.101 366 185 297 63e-7
7 0 0.599 257 196 923 51e-11
7 1 – 0.206 778 701 051 64e-10
7 3 – 0.208 742 781 818 86e-10
7 4 0.101 621 668 250 89e-9
7 5 – 0.164 298 282 813 47e-9
